  12.92608819 ,  77.67146749 
    12.91042 ,  77.68514 
      12.925975583315498 ,  77.6753354072571 
        12.9337 ,  77.6622 
          12.925975583315498 ,  77.6753354072571 
            12.93561 ,  77.70228 
              12.925975583315498 ,  77.6753354072571 
                12.9353 ,  77.6909 
                  12.925975583315498 ,  77.6753354072571 
                    12.931280000000001 ,  77.68624 
                      12.92608819 ,  77.67146749 
                        12.93561 ,  77.70228 
                          12.92608819 ,  77.67146749 
                            12.9353 ,  77.6909 
                              12.92608819 ,  77.67146749 
                                12.91029 ,  77.64502 